5630.00
5630.44
5630.88
5631.33
5631.77
5632.21
5632.66
5633.10
5633.55
5634.00
5634.45
5634.89
5635.34
5635.79
5636.24
5636.69
5637.15
5637.60
5562.76
5554.14
5549.33
5545.90
5543.19
5540.91
5538.91
5537.12
5535.46
5533.91
5532.44
5531.02
5529.64
5528.29
5526.95
5525.62
5524.29
5522.95
5521.60
5520.23
5518.84
5517.42
5515.96
5514.46
5512.92
5511.34
5509.70
5508.00
5506.25
5504.42
5502.53
5500.56
5498.51
5496.38
5494.15
5491.83
5489.40
5486.87
5484.22
5481.45
5478.55
5475.52
5472.34
5469.01
5465.53
5461.87
5458.04
5454.03
5449.82
5445.40
5440.77
5435.91
5430.81
5425.45
5419.84
5413.94
5407.76
5401.27
5394.46
5387.31
5379.81
5371.94
5363.68
5355.02
5345.93
5336.40
5326.41
5315.93
5304.95
5293.44
5281.38
5268.75
5255.52
5241.68
5227.19
5212.04
5196.19
5179.63
5162.33
5144.26
5125.41
5105.74
5085.24
5063.88
5041.64
5018.50
4994.43
4969.43
4943.47
4916.53
4888.61
4859.70
4829.78
4798.84
4766.89
4733.92
4699.94
4664.94
4628.95
4591.96
4553.99
4515.07
4475.22
4434.45
4392.81
4350.32
4307.01
4262.94
4218.13
4172.64
4126.51
4079.80
4032.55
3984.82
3936.66
3888.13
3839.29
3790.19
3740.90
3691.47
3641.96
3592.43
3542.92
3493.50
3444.21
3395.12
3346.26
3297.68
3249.43
3201.55
3154.08
3107.05
3060.50
3014.46
2968.96
2924.03
2879.68
2835.94
2792.83
2750.37
2708.56
2667.41
2626.95
2587.17
2548.09
2509.69
2472.00
2435.00
2398.70
2363.09
2328.17
2293.94
2260.39
2227.51
2195.30
2163.75
2132.85
2102.59
2072.97
2043.96
2015.57
1987.78
1960.57
1933.95
1907.90
1882.40
1857.44
1833.02
1809.12
1785.74
1762.85
1740.45
1718.52
1697.06
1676.06
1655.50
1635.38
1615.67
1596.38
1577.50
1559.00
1540.89
1523.15
1505.78
1488.76
1472.09
1455.76
1439.75
1424.07
1408.69
1393.63
1378.86
1364.38
1350.18
1336.25
1322.60
1309.20
1296.06
1283.17
1270.53
1258.11
1245.93
1233.97
1222.23
1210.71
1199.39
1188.28
1177.36
1166.64
1156.10
1145.75
1135.58
1125.58
1115.76
1106.10
1096.61
1087.27
1078.09
1069.06
1060.18
1051.44
1042.84
1034.39
1026.06
1017.87
1009.81
1001.87
994.06
986.36
978.79
971.32
963.97
956.74
949.60
942.58
935.65
928.83
922.10
915.47
908.94
902.50
896.14
889.88
883.70
877.61
871.60
865.67
859.83
854.06
848.36
842.74
837.20
831.73
826.32
820.99
815.73
810.53
805.39
800.32
795.32
790.37
785.49
780.66
775.90
771.19
766.53
761.94
757.39
752.90
748.46
744.07
739.74
735.45
731.21
727.02
722.87
718.77
714.72
710.71
706.75
702.82
698.94
695.11
691.31
687.55
683.83
680.15
676.51
672.91
669.34
665.82
662.32
658.86
655.44
652.05
648.70
645.37
642.08
638.83
635.60
632.41
629.24
626.11
623.01
619.93
616.89
613.87
610.88
607.92
604.99
602.08
599.20
596.35
593.52
590.72
587.94
585.19
582.46
579.76
577.08
574.42
571.79
569.18
566.59
564.02
561.48
558.96
556.46
553.98
551.52
549.08
546.66
544.27
541.89
539.53
537.19
534.87
532.57
530.29
528.03
525.78
523.55
521.34
519.15
516.97
514.82
512.68
510.55
508.44
506.35
504.28
502.22
500.17
498.15
496.13
494.14
492.15
490.19
488.23
486.30
484.37
482.46
480.57
478.69
476.82
474.96
473.12
471.30
469.48
467.68
465.89
464.12
462.36
460.61
458.87
457.14
455.43
453.73
452.04
451.35
451.37
451.39
451.42
451.45
451.49
451.54
451.59
451.64
451.70
451.76
451.83
451.90
451.97
452.05
452.14
452.23
452.32
452.42
452.52
452.62
452.73
452.84
452.95
453.07
453.20
453.32
453.45
453.58
453.72
453.86
454.00
454.14
454.29
454.44
454.59
454.74
454.90
455.06
455.22
455.38
455.55
455.72
455.89
456.06
456.23
456.41
456.58
456.76
456.94
457.12
457.30
457.48
457.66
457.84
458.03
458.21
458.40
458.58
458.77
458.95
459.14
459.32
459.51
459.69
424.47
385.54
353.07
325.60
302.08
281.73
263.97
248.35
234.51
222.17
211.12
201.16
192.16
183.98
176.53
169.71
163.47
157.72
152.43
147.54
143.01
138.82
134.92
131.29
127.91
124.76
121.82
119.07
116.50
114.09
111.83
109.72
107.73
105.86
104.11
102.46
100.92
99.46
98.09
96.80
95.59
94.44
93.37
92.35
91.40
90.50
89.65
88.85
88.10
87.39
86.72
86.09
85.49
84.93
84.40
83.90
83.43
82.98
82.56
82.16
81.79
81.43
81.10
80.78
80.48
80.20
79.93
79.67
79.43
79.20
78.98
78.77
78.57
78.38
78.20
78.02
77.86
77.70
77.55
77.40
77.26
77.12
76.99
76.86
76.74
76.62
76.50
76.39
76.28
76.17
76.06
75.96
75.86
75.75
75.66
75.56
75.46
75.37
75.27
75.18
75.08
74.99
74.90
74.81
74.72
74.63
74.54
74.45
74.36
74.27
74.18
74.09
73.99
73.90
73.81
73.72
73.63
73.54
73.45
73.36
73.27
73.18
73.09
72.99
72.90
72.81
72.72
72.62
72.53
72.44
72.34
72.25
72.16
72.06
71.97
71.87
71.78
71.68
71.59
71.50
71.40
71.30
71.21
71.11
71.02
70.92
70.83
70.73
70.64
70.54
70.44
70.35
70.25
70.16
70.06
69.96
69.87
69.77
69.68
69.58
69.48
69.39
69.29
69.20
69.10
69.01
68.91
68.81
68.72
68.62
68.53
68.43
68.34
68.25
68.15
68.06
67.96
67.87
67.77
67.68
67.59
67.49
67.40
67.31
67.21
67.12
67.03
66.94
66.84
66.75
66.66
66.57
66.48
66.39
66.29
66.20
66.11
66.02
65.93
65.84
65.75
65.66
65.57
65.48
65.39
65.31
65.22
65.13
65.05
64.97
64.89
64.80
64.72
64.64
64.55
64.47
64.39
64.30
64.22
64.13
64.05
63.96
63.88
63.79
63.71
63.62
63.54
63.45
63.37
63.28
63.20
63.11
63.02
62.94
62.85
62.77
62.68
62.60
62.51
62.43
62.34
62.26
62.17
62.09
62.01
61.92
61.84
61.75
61.67
61.59
61.50
61.42
61.34
61.25
61.17
61.09
61.01
60.93
60.84
60.76
60.68
60.60
60.52
60.44
60.36
60.28
60.20
60.12
60.04
59.96
59.88
59.80
59.72
59.64
59.56
59.48
59.40
59.32
59.25
59.17
59.09
59.01
58.94
58.86
58.78
58.71
58.63
58.55
58.48
58.40
58.33
58.25
58.18
58.10
58.03
57.95
57.88
57.80
57.73
57.65
57.58
57.51
57.43
57.36
57.29
57.22
57.14
57.07
57.00
56.93
56.86
56.78
56.71
56.64
56.57
56.50
56.43
56.36
56.29
56.22
56.15
56.08
56.01
55.94
55.87
55.80
55.73
55.66
55.60
55.53
55.46
55.39
55.32
55.26
55.19
55.12
55.05
54.99
54.92
54.85
54.79
54.72
54.65
54.59
54.52
54.46
54.39
54.33
54.26
54.20
54.13
54.07
54.00
53.94
53.87
53.81
53.75
53.68
53.62
53.56
53.49
53.43
53.37
53.30
53.24
53.18
53.12
53.05
52.99
52.93
52.87
52.81
52.75
52.68
52.62
52.56
52.50
52.44
52.38
53.39
50.12
46.79
46.57
48.40
50.23
52.06
53.89
55.72
57.54
59.36
61.18
63.00
64.81
66.63
68.44
70.25
72.05
73.86
75.66
77.45
79.25
80.88
81.64
81.40
80.49
79.18
77.58
75.76
73.78
71.70
69.55
67.38
65.20
63.04
60.90
58.80
56.74
54.74
52.79
50.89
49.06
47.28
45.56
43.90
42.29
40.74
39.24
37.80
36.41
35.07
33.78
32.53
31.33
30.17
29.06
27.99
26.95
25.96
25.00
24.07
23.18
22.33
21.50
20.71
19.94
19.20
18.49
17.81
17.15
16.52
15.91
15.32
14.75
14.21
13.68
13.18
12.69
12.22
11.77
11.33
10.91
10.51
10.12
9.75
9.39
9.04
8.71
8.38
8.07
7.77
7.49
7.21
6.94
6.69
6.44
6.20
5.97
5.75
5.54
5.33
5.14
4.95
4.76
4.59
4.42
4.25
4.10
3.95
3.80
3.66
3.52
3.39
3.27
3.15
3.03
2.92
2.81
2.71
2.61
2.51
2.42
2.33
2.24
2.16
2.08
2.00
1.93
1.86
1.79
1.72
1.66
1.60
1.54
1.48
1.43
1.37
1.32
1.27
1.23
1.18
1.14
1.10
1.06
1.02
0.98
0.94
0.91
0.87
0.84
0.81
0.78
0.75
0.72
0.70
0.67
0.65
0.62
0.60
0.58
0.56
0.54
0.52
0.50
0.48
0.46
0.44
0.43
0.41
0.40
0.38
0.37
0.35
0.34
0.33
0.32
0.30
0.29
0.28
0.27
0.26
0.25
0.24
0.23
0.23
0.22
0.21
0.20
0.19
0.19
0.18
0.17
0.17
0.16
0.15
0.15
0.14
0.14
0.13
0.13
0.12
0.12
0.11
0.11
0.11
0.10
0.10
0.09
0.09
0.09
0.08
0.08
0.08
0.08
0.07
0.07
0.07
0.06
0.06
0.06
0.06
0.06
0.05
0.05
0.05
0.05
0.05
0.15
0.16
0.16
0.16
0.17
0.17
0.17
0.17
0.17
